# ** DLM Demo EPRB **
# Input variables: 
# Nsamples = 100000
# theta HWP2 = 0
# T0 = 1000
# W = 1
# Theta <S1.a> <S2.b> <S1.a S2.b> theory S N++ N-+ N+- N-- sum(N..)
#--------------------------------------------------------------------------------------------------------------------
# Theta <S1.a> <S2.b> <S1.a S2.b> theory S N++ N-+ N+- N-- sum(N..)
1 0.000 -3.300e-03  4.600e-04 -4.973e-01 -1.000e+00     12497     37338     37526     12639    100000
111.250  5.680e-03 -4.520e-03 -4.636e-01 -9.239e-01     13440     36844     36334     13382    100000
122.500 -8.000e-05 -2.940e-03 -3.544e-01 -7.071e-01     16064     33932     33789     16215    100000
133.750  8.580e-03 -4.600e-03 -1.937e-01 -3.827e-01     20257     30172     29513     20058    100000
145.000 -1.500e-03  4.200e-03 -3.380e-03 -6.123e-17     24983     24942     25227     24848    100000
156.250  2.620e-03  3.420e-03  1.903e-01  3.827e-01     29908     20223     20263     29606    100000
167.500 -1.100e-03  2.920e-03  3.561e-01  7.071e-01     33947     15998     16199     33856    100000
178.750 -3.460e-03 -1.200e-03  4.614e-01  9.239e-01     36419     13408     13521     36652    100000
190.000 -2.600e-04  7.400e-04  5.012e-01  1.000e+00     37542     12445     12495     37518    100000
1101.250 -3.320e-03 -5.380e-03  4.629e-01  9.239e-01     36354     13480     13377     36789    100000
1112.500 -5.920e-03 -3.240e-03  3.580e-01  7.071e-01     33722     15982     16116     34180    100000
1123.750  1.020e-03 -1.180e-03  1.924e-01  3.827e-01     29805     20246     20136     29813    100000
1135.000 -4.620e-03 -1.560e-03 -2.660e-03  1.837e-16     24779     24990     25143     25088    100000
1146.250 -5.600e-04  6.000e-05 -1.943e-01 -3.827e-01     20131     29841     29872     20156    100000
1157.500  4.560e-03 -3.420e-03 -3.561e-01 -7.071e-01     16127     34101     33702     16070    100000
1168.750  8.000e-04  4.040e-03 -4.599e-01 -9.239e-01     13623     36417     36579     13381    100000
1180.000  6.260e-03 -3.780e-03 -5.039e-01 -1.000e+00     12464     37849     37347     12340    100000
1191.250  8.000e-04 -5.500e-03 -4.683e-01 -9.239e-01     13174     36866     36551     13409    100000
1202.500 -1.600e-03  5.020e-03 -3.563e-01 -7.071e-01     16178     33742     34073     16007    100000
1213.750 -1.380e-03  1.400e-03 -1.933e-01 -3.827e-01     20167     29764     29903     20166    100000
1225.000  2.380e-03  9.400e-04 -2.240e-03 -3.062e-16     25027     25092     25020     24861    100000
1236.250 -8.200e-04  1.180e-03  1.860e-01  3.827e-01     29660     20299     20399     29642    100000
1247.500 -1.220e-03  3.400e-04  3.522e-01  7.071e-01     33783     16156     16234     33827    100000
1258.750 -2.420e-03 -2.220e-03  4.593e-01  9.239e-01     36367     13512     13522     36599    100000
1270.000  2.900e-03 -1.480e-03  5.001e-01  1.000e+00     37538     12607     12388     37467    100000
1281.250 -1.400e-03 -5.120e-03  4.646e-01  9.239e-01     36453     13477     13291     36779    100000
1292.500 -6.480e-03 -2.740e-03  3.545e-01  7.071e-01     33633     16043     16230     34094    100000
1303.750 -7.600e-04 -1.280e-03  1.944e-01  3.827e-01     29810     20152     20126     29912    100000
1315.000 -5.220e-03  2.040e-03 -5.220e-03  4.286e-16     24790     24949     25312     24949    100000
1326.250  3.200e-04  2.240e-03 -1.949e-01 -3.827e-01     20191     29825     29921     20063    100000
1337.500 -6.240e-03  3.680e-03 -3.574e-01 -7.071e-01     16000     33688     34184     16128    100000
1348.750 -3.480e-03  1.340e-03 -4.595e-01 -9.239e-01     13460     36366     36607     13567    100000
1360.000 -2.880e-03  2.100e-03 -4.980e-01 -1.000e+00     12530     37326     37575     12569    100000
